#    1:k (h/Mpc)              2:d_g                    3:d_b                    4:d_cdm                  5:d_ur                   6:d_tot                  7:phi                    8:psi                
       1.052325563190e-05      -1.317958260949e-03      -9.889825949006e-04      -9.889826276347e-04      -1.317937920551e-03      -9.890788433945e-04       4.737897265436e-01       4.736444072243e-01 
       1.324799392981e-05      -2.088186630610e-03      -1.567430648175e-03      -1.567430730395e-03      -2.088135550987e-03      -1.567583029330e-03       4.737892571135e-01       4.736440021936e-01 
       1.667823621353e-05      -3.307954079637e-03      -2.484206867886e-03      -2.484207074398e-03      -3.307825824673e-03      -2.484447967863e-03       4.737884278461e-01       4.736432749988e-01 
       2.099665539312e-05      -5.238740559860e-03      -3.937194344049e-03      -3.937194862726e-03      -5.238418599754e-03      -3.937575437885e-03       4.737871220690e-01       4.736421308974e-01 
       2.643322303708e-05      -8.292773134628e-03      -6.240012478576e-03      -6.240013781179e-03      -8.291965219119e-03      -6.240613902399e-03       4.737850975372e-01       4.736403622862e-01 
       3.327745619701e-05      -1.311789816389e-02      -9.889702580434e-03      -9.889705851521e-03      -1.311587196494e-02      -9.890649329856e-03       4.737818710537e-01       4.736375407591e-01 
       4.189383524628e-05      -2.072715935922e-02      -1.567399564846e-02      -1.567400386129e-02      -2.072208251740e-02      -1.567548000224e-02       4.737767827439e-01       4.736330924999e-01 
       5.274121378906e-05      -3.269188628753e-02      -2.484129075124e-02      -2.484131136600e-02      -3.267918445165e-02      -2.484360290862e-02       4.737687224929e-01       4.736260423222e-01 
       6.639725428791e-05      -5.141742810552e-02      -3.936999372725e-02      -3.937004544887e-02      -5.138572353497e-02      -3.937355745849e-02       4.737559708405e-01       4.736148806606e-01 
       8.358919069641e-05      -8.050615778420e-02      -6.239523195102e-02      -6.239536163352e-02      -8.042731278884e-02      -6.240062948604e-02       4.737358294140e-01       4.735972321626e-01 
       1.052325563190e-04      -1.251550828790e-01      -9.888475741956e-02      -9.888508222768e-02      -1.249601569236e-01      -9.889269260618e-02       4.737040610316e-01       4.735693476152e-01 
       1.324799392981e-04      -1.923712566272e-01      -1.567092061545e-01      -1.567100183230e-01      -1.918938366061e-01      -1.567202665984e-01       4.736540847336e-01       4.735253611055e-01 
       1.667823621353e-04      -2.903911623722e-01      -2.483359297695e-01      -2.483379551577e-01      -2.892392222813e-01      -2.483498051867e-01       4.735758005499e-01       4.734561658470e-01 
       2.099665539312e-04      -4.258856965633e-01      -3.935076057519e-01      -3.935126356723e-01      -4.231721222338e-01      -3.935210039916e-01       4.734539757103e-01       4.733477766761e-01 
       2.643322303708e-04      -5.963646892170e-01      -6.234731868186e-01      -6.234855970096e-01      -5.902155052484e-01      -6.234750141553e-01       4.732662686462e-01       4.731791029712e-01 
       3.327745619701e-04      -7.751371512739e-01      -9.876593939733e-01      -9.876897030515e-01      -7.620595962475e-01      -9.876212924590e-01       4.729812520361e-01       4.729192109882e-01 
       4.189383524628e-04      -8.933739285994e-01      -1.564165615193e+00      -1.564238488636e+00      -8.683662693887e-01      -1.564028030824e+00       4.725572447766e-01       4.725245812192e-01 
       5.274121378906e-04      -8.510084857606e-01      -2.476222577270e+00      -2.476393676544e+00      -8.113136896016e-01      -2.475887116197e+00       4.719426501447e-01       4.719374436706e-01 
       6.639725428791e-04      -6.251119674476e-01      -3.917907417378e+00      -3.918295308728e+00      -5.812361919402e-01      -3.917266980280e+00       4.710757402081e-01       4.710860240496e-01 
       8.358919069641e-04      -4.339171366410e-01      -6.194141472907e+00      -6.194978129475e+00      -4.164744978238e-01      -6.193161886234e+00       4.698750300636e-01       4.698835767454e-01 
       1.052325563190e-03      -4.664113927566e-01      -9.782521901503e+00      -9.784209672514e+00      -4.831408510522e-01      -9.781225878998e+00       4.682134182710e-01       4.682150212459e-01 
       1.324799392981e-03      -3.313724482982e-01      -1.542799305756e+01      -1.543112593087e+01      -3.214317622803e-01      -1.542622480467e+01       4.659072044054e-01       4.659097895001e-01 
       1.667823621353e-03      -2.825524831470e-01      -2.428563525795e+01      -2.429094800413e+01      -2.638295609874e-01      -2.428310378452e+01       4.627391212315e-01       4.627401344729e-01 
       2.099665539312e-03      -1.177714118817e-01      -3.813400424561e+01      -3.814243469412e+01      -1.227464131468e-01      -3.813001262476e+01       4.584528150399e-01       4.584540004145e-01 
       2.643322303708e-03      -1.112932769602e-01      -5.968457940570e+01      -5.969816648789e+01      -9.048317652172e-02      -5.967863893363e+01       4.527347907391e-01       4.527352961236e-01 
       3.327745619701e-03      -4.792100901740e-02      -9.302241426410e+01      -9.304619559138e+01      -6.423261155635e-02      -9.301532703344e+01       4.452231580566e-01       4.452235790785e-01 
       4.189383524628e-03       2.499980147147e-02      -1.442143604641e+02      -1.442571272732e+02      -2.802437613074e-01      -1.442083638913e+02       4.355245157804e-01       4.355247980726e-01 
       5.274121378906e-03       1.853397024868e-01      -2.220954192333e+02      -2.221747009438e+02       1.890934215896e-01      -2.220974295987e+02       4.232189807165e-01       4.232189807165e-01 
       6.639725428791e-03       1.786757454864e-01      -3.392034781399e+02      -3.393587739966e+02       1.822934443934e-01      -3.392355011486e+02       4.078706467302e-01       4.078706467302e-01 
       8.358919069642e-03       1.704382662203e-01      -5.127455157147e+02      -5.130625994002e+02       1.738891619479e-01      -5.128635602101e+02       3.890654951528e-01       3.890654951528e-01 
       1.052325563190e-02       1.604871358793e-01      -7.650885668864e+02      -7.657585909951e+02       1.637367455876e-01      -7.654311891845e+02       3.663758590170e-01       3.663758590170e-01 
       1.324799392981e-02       1.486290996665e-01      -1.122923052015e+03      -1.124366169828e+03       1.516393636003e-01      -1.123814603918e+03       3.394026696033e-01       3.394026696033e-01 
       1.667823621350e-02       1.348421717056e-01      -1.613222227086e+03      -1.616332485012e+03       1.375723699978e-01      -1.615379810547e+03       3.078188151324e-01       3.078188151324e-01 
       2.099665522924e-02       1.189835859255e-01      -2.254445672302e+03      -2.260986639759e+03       1.213928593608e-01      -2.259316103835e+03       2.716423452127e-01       2.716423452127e-01 
       2.643309762253e-02       1.014794951784e-01      -3.044293532023e+03      -3.057281050029e+03       1.035345445367e-01      -3.054382998596e+03       2.317117477552e-01       2.317117477552e-01 
       3.326002164681e-02       8.349701938184e-02      -3.960750442382e+03      -3.983920401465e+03       8.518797240398e-02      -3.979180315619e+03       1.906642307722e-01       1.906642307722e-01 
       4.131136503880e-02       6.790132886046e-02      -4.965376000360e+03      -4.999338201590e+03       6.927653104155e-02      -4.992636030002e+03       1.550641724602e-01       1.550641724602e-01 
       4.811205511203e-02       5.883050622288e-02      -5.835239546662e+03      -5.873641268565e+03       6.002180922614e-02      -5.865998417696e+03       1.343243568320e-01       1.343243568320e-01 
       5.304187293299e-02       5.399703799123e-02      -6.513726429503e+03      -6.551985000970e+03       5.509051468311e-02      -6.544165826423e+03       1.232926638635e-01       1.232926638635e-01 
       5.710516837262e-02       5.078388684736e-02      -7.104399008707e+03      -7.140898373320e+03       5.181222274285e-02      -7.133178366600e+03       1.159452313094e-01       1.159452313094e-01 
       6.073214339058e-02       4.830447909669e-02      -7.646019537769e+03      -7.680358251095e+03       4.928246472456e-02      -7.672813813896e+03       1.102651014611e-01       1.102651014611e-01 
       6.411438371846e-02       4.617669045945e-02      -8.151491794911e+03      -8.183940982368e+03       4.711180916913e-02      -8.176540777679e+03       1.054336643888e-01       1.054336643888e-01 
       6.735321235387e-02       4.426260547355e-02      -8.623408016345e+03      -8.654697362997e+03       4.515876771234e-02      -8.647338412377e+03       1.010384010711e-01       1.010384010711e-01 
       7.050934857655e-02       4.243195074027e-02      -9.061298405121e+03      -9.092490365470e+03       4.329106916720e-02      -9.085018389072e+03       9.686191314298e-02       9.686191314298e-02 
       7.362265950294e-02       4.064103415057e-02      -9.463103295922e+03      -9.495485909646e+03       4.146394984662e-02      -9.487712359556e+03       9.278101995640e-02       9.278101995640e-02 
       7.672123246677e-02       3.886269886825e-02      -9.827264726366e+03      -9.862238640283e+03       3.964972231473e-02      -9.853958017696e+03       8.873607225896e-02       8.873607225896e-02 
       7.982601678305e-02       3.709588856266e-02      -1.015357140981e+04      -1.019252718608e+04       3.784718542121e-02      -1.018353561285e+04       8.470914601477e-02       8.470914601477e-02 
       8.295340207349e-02       3.535286643777e-02      -1.044405666304e+04      -1.048824132095e+04       3.606873230338e-02      -1.047835651280e+04       8.071335529078e-02       8.071335529078e-02 
       8.611674556119e-02       3.363223789741e-02      -1.070411181335e+04      -1.075449003215e+04       3.431328144067e-02      -1.074357177142e+04       7.678813252523e-02       7.678813252523e-02 
       8.932732459090e-02       3.196712899749e-02      -1.094167030022e+04      -1.099879347758e+04       3.261442160877e-02      -1.098676311041e+04       7.298300501459e-02       7.298300501459e-02 
       9.259495614080e-02       3.037524233172e-02      -1.116780464463e+04      -1.123170316297e+04       3.099035392325e-02      -1.121855933436e+04       6.935584420935e-02       6.935584420935e-02 
       9.592841391889e-02       2.888918805918e-02      -1.139600343558e+04      -1.146611724032e+04       2.947421068856e-02      -1.145194591856e+04       6.596375866646e-02       6.596375866646e-02 
       9.933571732101e-02       2.752968099181e-02      -1.164109698011e+04      -1.171626624793e+04       2.808713632605e-02      -1.170124177461e+04       6.285527368364e-02       6.285527368364e-02 
       1.028243363784e-01       2.630547904510e-02      -1.191746785631e+04      -1.199600296851e+04       2.683815850115e-02      -1.198037737316e+04       6.006193237855e-02       6.006193237855e-02 
       1.064013399121e-01       2.522396976380e-02      -1.223776855132e+04      -1.231760108033e+04       2.573477602141e-02      -1.230168124724e+04       5.759581238707e-02       5.759581238707e-02 
       1.100735042425e-01       2.428178558336e-02      -1.260913005342e+04      -1.268805765039e+04       2.477346147862e-02      -1.267216907938e+04       5.543780239959e-02       5.543780239959e-02 
       1.138473938417e-01       2.345050102476e-02      -1.303295851130e+04      -1.310895595908e+04       2.392539689780e-02      -1.309339635802e+04       5.354596633318e-02       5.354596633318e-02 
       1.177294216180e-01       2.271201296679e-02      -1.350245923313e+04      -1.357402721115e+04       2.317190899478e-02      -1.355901498324e+04       5.185358075653e-02       5.185358075653e-02 
       1.217258941606e-01       2.202357791177e-02      -1.400199792583e+04      -1.406849475803e+04       2.246948933608e-02      -1.405412030637e+04       5.027572616152e-02       5.027572616152e-02 
       1.258430457492e-01       2.134329137892e-02      -1.450907708993e+04      -1.457096246307e+04       2.177543853329e-02      -1.455715252465e+04       4.872351623958e-02       4.872351623958e-02 
       1.300870639234e-01       2.063666172996e-02      -1.499642842100e+04      -1.505534693224e+04       2.105453570000e-02      -1.504185305868e+04       4.711440925724e-02       4.711440925724e-02 
       1.344641087430e-01       1.988126769548e-02      -1.543720953386e+04      -1.549584629045e+04       2.028383279329e-02      -1.548226704457e+04       4.538814467208e-02       4.538814467208e-02 
       1.389803274205e-01       1.906209289075e-02      -1.581173212778e+04      -1.587341331751e+04       1.944809213296e-02      -1.585925392387e+04       4.352078529410e-02       4.352078529410e-02 
       1.436418657176e-01       1.819178666113e-02      -1.611234303526e+04      -1.618040662638e+04       1.856011234463e-02      -1.616517272702e+04       4.152779825676e-02       4.152779825676e-02 
       1.484548772963e-01       1.728570938820e-02      -1.634938684861e+04      -1.642641749380e+04       1.763574656271e-02      -1.640972815109e+04       3.946690561108e-02       3.946690561108e-02 
       1.534255320955e-01       1.639089928167e-02      -1.655032952266e+04      -1.663743156836e+04       1.672280289269e-02      -1.661912663391e+04       3.742256505132e-02       3.742256505132e-02 
       1.585600247177e-01       1.554401156687e-02      -1.675772183056e+04      -1.685404225079e+04       1.585878549999e-02      -1.683425169722e+04       3.549171926646e-02       3.549171926646e-02 
       1.638645837646e-01       1.478508511098e-02      -1.701853976473e+04      -1.712125539395e+04       1.508446986992e-02      -1.710039999404e+04       3.375644487159e-02       3.375644487159e-02 
       1.693454830262e-01       1.413076487531e-02      -1.737190610784e+04      -1.747678186698e+04       1.441690461386e-02      -1.745548920120e+04       3.226305001222e-02       3.226305001222e-02 
       1.750090554098e-01       1.357988601146e-02      -1.783357037633e+04      -1.793609991185e+04       1.385486173198e-02      -1.791503488712e+04       3.100396568745e-02       3.100396568745e-02 
       1.808617104803e-01       1.310548958654e-02      -1.838826126654e+04      -1.848506163471e+04       1.337085937884e-02      -1.846471997021e+04       2.992058557367e-02       2.992058557367e-02 
       1.869099564759e-01       1.266577401830e-02      -1.898988061685e+04      -1.907996256157e+04       1.292226428447e-02      -1.906048344830e+04       2.891942607505e-02       2.891942607505e-02 
       1.931604276588e-01       1.222050092613e-02      -1.957052565695e+04      -1.965588977147e+04       1.246793034705e-02      -1.963697009647e+04       2.789708289381e-02       2.789708289381e-02 
       1.996199178614e-01       1.172460135057e-02      -2.006178981996e+04      -2.014696902383e+04       1.196206160327e-02      -2.012793424052e+04       2.677392795249e-02       2.677392795249e-02 
       2.062954211054e-01       1.118409595799e-02      -2.042846465675e+04      -2.051892062919e+04       1.141054184832e-02      -2.049896292337e+04       2.553132437481e-02       2.553132437481e-02 
       2.131941802010e-01       1.060873959033e-02      -2.069285181987e+04      -2.079275581963e+04       1.082357763095e-02      -2.077126032469e+04       2.422327106321e-02       2.422327106321e-02 
       2.203237442935e-01       1.004702780631e-02      -2.092211312975e+04      -2.103243299455e+04       1.025048997630e-02      -2.100926037810e+04       2.294081204747e-02       2.294081204747e-02 
       2.276920364212e-01       9.535456107290e-03      -2.120143203679e+04      -2.131931334133e+04       9.728552668402e-03      -2.129489019337e+04       2.177210162098e-02       2.177210162098e-02 
       2.353074322996e-01       9.095170511167e-03      -2.159855916190e+04      -2.171854540849e+04       9.279356187100e-03      -2.169368072569e+04       2.076742185529e-02       2.076742185529e-02 
       2.431788517621e-01       8.724305944977e-03      -2.212977795296e+04      -2.224655508641e+04       8.900963925273e-03      -2.222203108415e+04       1.991832315526e-02       1.991832315526e-02 
       2.513158645973e-01       8.390833818526e-03      -2.273792857559e+04      -2.284924539326e+04       8.560730579496e-03      -2.282538755600e+04       1.915574208099e-02       1.915574208099e-02 
       2.597288129417e-01       8.055375910637e-03      -2.331906887799e+04      -2.342712284197e+04       8.218475389795e-03      -2.340359939063e+04       1.838920797222e-02       1.838920797222e-02 
       2.684289529582e-01       7.693589958322e-03      -2.378916112620e+04      -2.389933139668e+04       7.849365882917e-03      -2.387534331195e+04       1.756351923360e-02       1.756351923360e-02 
       2.774286192840e-01       7.306586578228e-03      -2.413499761309e+04      -2.425239193122e+04       7.454564096522e-03      -2.422718601239e+04       1.668480299078e-02       1.668480299078e-02 
       2.867414167386e-01       6.926385017999e-03      -2.442966290219e+04      -2.455563066268e+04       7.066634592873e-03      -2.452901329018e+04       1.581320333295e-02       1.581320333295e-02 
       2.963824451055e-01       6.580220855449e-03      -2.479241818608e+04      -2.492364568565e+04       6.713459021878e-03      -2.489610916940e+04       1.502267101672e-02       1.502267101672e-02 
       3.063685645582e-01       6.279619535365e-03      -2.528393993559e+04      -2.541511979079e+04       6.406774283870e-03      -2.538744687247e+04       1.433676789075e-02       1.433676789075e-02 
       3.167187116412e-01       6.009464436646e-03      -2.586169093914e+04      -2.598990159901e+04       6.131140853235e-03      -2.596251866481e+04       1.371892265474e-02       1.371892265474e-02 
       3.274542788560e-01       5.741264332538e-03      -2.641943706239e+04      -2.654654462410e+04       5.857531732396e-03      -2.651916906762e+04       1.310929095801e-02       1.310929095801e-02 
       3.385995751601e-01       5.463017710422e-03      -2.687269490479e+04      -2.700340774541e+04       5.573629604273e-03      -2.697534231700e+04       1.247138759867e-02       1.247138759867e-02 
       3.501823905321e-01       5.180548361745e-03      -2.725416420309e+04      -2.739135086342e+04       5.285446049301e-03      -2.736217314730e+04       1.182721823752e-02       1.182721823752e-02 
       3.622346958773e-01       4.915366150765e-03      -2.766706319652e+04      -2.780898849457e+04       5.014892887896e-03      -2.777895751881e+04       1.122164386785e-02       1.122164386785e-02 
       3.747935210137e-01       4.676580135294e-03      -2.818194040357e+04      -2.832459303726e+04       4.771273304697e-03      -2.829429903318e+04       1.067666017021e-02       1.067666017021e-02 
       3.879020698993e-01       4.453050035767e-03      -2.874664177095e+04      -2.888863816986e+04       4.543213949592e-03      -2.885828043385e+04       1.016592462342e-02       1.016592462342e-02 
       4.016111562124e-01       4.228651701070e-03      -2.926675237302e+04      -2.941077419113e+04       4.314284330348e-03      -2.937995124084e+04       9.655175312152e-03       9.655175312152e-03 
       4.159810779533e-01       4.004531220846e-03      -2.972841631683e+04      -2.987720401595e+04       4.085615486469e-03      -2.984550933136e+04       9.142236939780e-03       9.142236939780e-03 
       4.310841036250e-01       3.789769489352e-03      -3.021440692239e+04      -3.036698855638e+04       3.866508492102e-03      -3.033456526365e+04       8.652356165346e-03       8.652356165346e-03 
       4.470078260332e-01       3.589301740518e-03      -3.076824945699e+04      -3.092208664646e+04       3.661976557825e-03      -3.088930727710e+04       8.194048789645e-03       8.194048789645e-03 
       4.638597722788e-01       3.395454904374e-03      -3.134362080841e+04      -3.149905125521e+04       3.464204857954e-03      -3.146585731088e+04       7.751518322436e-03       7.751518322436e-03 
       4.817738746916e-01       3.201401941318e-03      -3.188650894543e+04      -3.204571865917e+04       3.266238203090e-03      -3.201178173188e+04       7.310447887446e-03       7.310447887446e-03 
       5.009197708718e-01       3.014027985487e-03      -3.244504331899e+04      -3.260772931211e+04       3.075055786989e-03      -3.257309166065e+04       6.880868604667e-03       6.880868604667e-03 
       5.215165330264e-01       2.833755849435e-03      -3.306651392996e+04      -3.323132249789e+04       2.891135219767e-03      -3.319617496686e+04       6.469526751247e-03       6.469526751247e-03 
       5.438535687785e-01       2.655393425413e-03      -3.369611128564e+04      -3.386413637181e+04       2.709160985352e-03      -3.382830748452e+04       6.062293156557e-03       6.062293156557e-03 
       5.683235904662e-01       2.478917588638e-03      -3.434941288518e+04      -3.452114260713e+04       2.529110074303e-03      -3.448454997800e+04       5.659184144512e-03       5.659184144512e-03 
       5.954768212316e-01       2.304987812664e-03      -3.506567539018e+04      -3.524052573492e+04       2.351659895453e-03      -3.520324122387e+04       5.262275225983e-03       5.262275225983e-03 
       6.261145601726e-01       2.130141552210e-03      -3.582524768044e+04      -3.600413017767e+04       2.173272548558e-03      -3.596600021437e+04       4.863010034213e-03       4.863010034213e-03 
       6.614602207704e-01       1.953563755948e-03      -3.666975499328e+04      -3.685268844443e+04       1.993119260896e-03      -3.681368527966e+04       4.459872693912e-03       4.459872693912e-03 
       7.034937737277e-01       1.771707202793e-03      -3.761701329525e+04      -3.780475571426e+04       1.807580468596e-03      -3.776473212170e+04       4.044701928693e-03       4.044701928693e-03 
       7.556578852578e-01       1.580894707220e-03      -3.872789005473e+04      -3.892112488986e+04       1.612904296823e-03      -3.887992736606e+04       3.609072759632e-03       3.609072759632e-03 
       8.244691466295e-01       1.374734780685e-03      -4.009012983421e+04      -4.029014709333e+04       1.402570031320e-03      -4.024750270932e+04       3.138417754015e-03       3.138417754015e-03 
       9.233255611492e-01       1.144914778810e-03      -4.187472718167e+04      -4.208363834363e+04       1.168096649186e-03      -4.203909717425e+04       2.613751488166e-03       2.613751488166e-03 
       1.079590130458e+00       8.870469088446e-04      -4.436555822094e+04      -4.458690244559e+04       9.050117255457e-04      -4.453971084561e+04       2.025583785009e-03       2.025583785009e-03 
       1.328436882408e+00       6.301661503409e-04      -4.770963502309e+04      -4.794772632725e+04       6.429255267691e-04      -4.789696787545e+04       1.438622344671e-03       1.438622344671e-03 
       1.669582450610e+00       4.301750499404e-04      -5.144232440141e+04      -5.169920613045e+04       4.388848935988e-04      -5.164445130377e+04       9.820385924522e-04       9.820385924522e-04 
       2.101825866559e+00       2.914911497520e-04      -5.524534242890e+04      -5.552153551602e+04       2.973932322312e-04      -5.546268321893e+04       6.654693247872e-04       6.654693247872e-04 
       2.646041792467e+00       1.966869944928e-04      -5.908489280279e+04      -5.938086910789e+04       2.006697361873e-04      -5.931783571572e+04       4.490684333697e-04       4.490684333697e-04 
       3.331169253100e+00       1.322633248828e-04      -6.295342053626e+04      -6.326981065103e+04       1.349408628708e-04      -6.320249021244e+04       3.018988239494e-04       3.018988239494e-04 
       4.193693623715e+00       8.862704767396e-05      -6.684731759151e+04      -6.718504832754e+04       9.042097352363e-05      -6.711329015742e+04       2.022719965915e-04       2.022719965915e-04 
       5.279547472173e+00       5.919752013241e-05      -7.076230585652e+04      -7.112280840006e+04       6.039569829563e-05      -7.104638509936e+04       1.351043140217e-04       1.351043140217e-04 
       6.646556475493e+00       3.942211836918e-05      -7.469361701260e+04      -7.507917437230e+04       4.022010172822e-05      -7.499772826364e+04       8.998608130409e-05       8.998608130409e-05 
       8.367518847923e+00       2.619043943887e-05      -7.863498716697e+04      -7.904931208582e+04       2.672050052743e-05      -7.896226631838e+04       5.977875086807e-05       5.977875086807e-05 
       1.053408211132e+01       1.735520226071e-05      -8.258297114099e+04      -8.303214669680e+04       1.770643135984e-05      -8.293855902571e+04       3.961719442635e-05       3.961719442635e-05 
       1.326162365986e+01       1.147796921219e-05      -8.652933979862e+04      -8.702332697794e+04       1.171016884989e-05      -8.692165812567e+04       2.619722158579e-05       2.619722158579e-05 
       1.669539502705e+01       7.576774592619e-06      -9.046464304824e+04      -9.101981214636e+04       7.729946360899e-06      -9.090753486097e+04       1.728729775566e-05       1.728729775566e-05 
       2.101825705950e+01       4.992126336034e-06      -9.437485582491e+04      -9.501809875753e+04       5.092947922768e-06      -9.489106347761e+04       1.138551146922e-05       1.138551146922e-05 
       2.646041792382e+01       3.284166053277e-06      -9.823786116583e+04      -9.901323424680e+04       3.350384102316e-06      -9.886464464064e+04       7.484593891717e-06       7.484593891717e-06 
       3.331169253100e+01       2.157573548948e-06      -1.020187110612e+05      -1.029983055680e+05       2.200962480683e-06      -1.028170419356e+05       4.911253328433e-06       4.911253328433e-06 
       4.193693623715e+01       1.415653430968e-06      -1.056612950616e+05      -1.069626247867e+05       1.444007367301e-06      -1.067305625157e+05       3.216740518407e-06       3.216740518407e-06 
       5.279547472173e+01       9.280114223813e-07      -1.090755855287e+05      -1.108896478149e+05       9.464797143433e-07      -1.105773296808e+05       2.102777537792e-06       2.102777537792e-06 
