#    1:k (h/Mpc)              2:d_g                    3:d_b                    4:d_cdm                  5:d_ur                   6:d_tot                  7:phi                    8:psi                
       1.052325563190e-05      -1.582099300470e-05      -1.186579420410e-05      -1.186579462231e-05      -1.582098514993e-05      -1.197822966550e-05       6.121503996983e-01       5.968575598119e-01 
       1.324799392981e-05      -2.507451844977e-05      -1.880601305139e-05      -1.880601410187e-05      -2.507449871951e-05      -1.898420971238e-05       6.121502042204e-01       5.968574282589e-01 
       1.667823621353e-05      -3.974027268183e-05      -2.980551652243e-05      -2.980551916114e-05      -3.974022312193e-05      -3.008793536680e-05       6.121499548709e-01       5.968572809963e-01 
       2.099665539312e-05      -6.298367517903e-05      -4.723854011844e-05      -4.723854674650e-05      -6.298355069116e-05      -4.768613414158e-05       6.121494801902e-01       5.968569644868e-01 
       2.643322303708e-05      -9.982136287165e-05      -7.486799079420e-05      -7.486800744363e-05      -9.982105017468e-05      -7.557735520461e-05       6.121487320442e-01       5.968564692965e-01 
       3.327745619701e-05      -1.582035937294e-04      -1.186576402643e-04      -1.186576820849e-04      -1.582028082875e-04      -1.197818459927e-04       6.121475287049e-01       5.968556643363e-01 
       4.189383524628e-05      -2.507292599137e-04      -1.880593659896e-04      -1.880594710358e-04      -2.507272870337e-04      -1.898409585583e-04       6.121456308457e-01       5.968543986803e-01 
       5.274121378906e-05      -3.973626704866e-04      -2.980532025456e-04      -2.980534664132e-04      -3.973577150581e-04      -3.008764510670e-04       6.121426189624e-01       5.968523896780e-01 
       6.639725428791e-05      -6.297361342541e-04      -4.723804684099e-04      -4.723811312151e-04      -6.297236876941e-04      -4.768540477355e-04       6.121378489537e-01       5.968492086650e-01 
       8.358919069641e-05      -9.979608644450e-04      -7.486674898357e-04      -7.486691547241e-04      -9.979296037043e-04      -7.557552037359e-04       6.121302754154e-01       5.968441527080e-01 
       1.052325563190e-04      -1.581401101066e-03      -1.186545232274e-03      -1.186549414252e-03      -1.581322592055e-03      -1.197772395310e-03       6.121182881195e-01       5.968361567750e-01 
       1.324799392981e-04      -2.505698151655e-03      -1.880515359595e-03      -1.880525864055e-03      -2.505501003676e-03      -1.898293878638e-03       6.120992888222e-01       5.968234807630e-01 
       1.667823621353e-04      -3.969622462793e-03      -2.980335385496e-03      -2.980361771019e-03      -3.969127478478e-03      -3.008473934081e-03       6.120691879164e-01       5.968033978371e-01 
       2.099665539312e-04      -6.287306314498e-03      -4.723310813228e-03      -4.723377089697e-03      -6.286063877962e-03      -4.767810746403e-03       6.120214939057e-01       5.967715738192e-01 
       2.643322303708e-04      -9.954364309464e-03      -7.485434713849e-03      -7.485601187424e-03      -9.951247065711e-03      -7.555719788901e-03       6.119459394139e-01       5.967211482535e-01 
       3.327745619701e-04      -1.575064982717e-02      -1.186233777901e-02      -1.186275592522e-02      -1.574283402514e-02      -1.197312375996e-02       6.118262852129e-01       5.966412613532e-01 
       4.189383524628e-04      -2.489802323841e-02      -1.879733292136e-02      -1.879838318231e-02      -2.487844789224e-02      -1.897139247790e-02       6.116368751355e-01       5.965147294013e-01 
       5.274121378906e-04      -3.929772481926e-02      -2.978371934468e-02      -2.978635716962e-02      -3.924878032292e-02      -3.005577087494e-02       6.113372536640e-01       5.963143889078e-01 
       6.639725428791e-04      -6.187519520507e-02      -4.718382868907e-02      -4.719045342226e-02      -6.175314967157e-02      -4.760547913537e-02       6.108638240353e-01       5.959973720982e-01 
       8.358919069641e-04      -9.704947440582e-02      -7.473072248255e-02      -7.474735823313e-02      -9.674645673524e-02      -7.537530759679e-02       6.101170818989e-01       5.954961897141e-01 
       1.052325563190e-03      -1.512903210766e-01      -1.183134801452e-01      -1.183552478684e-01      -1.505431283664e-01      -1.192765011918e-01       6.089425350958e-01       5.947050137896e-01 
       1.324799392981e-03      -2.335585251636e-01      -1.871974067277e-01      -1.873022479392e-01      -2.317361683650e-01      -1.885801598022e-01       6.071032434513e-01       5.934589438279e-01 
       1.667823621353e-03      -3.549884316465e-01      -2.958937239468e-01      -2.961574725581e-01      -3.506314178087e-01      -2.977393944317e-01       6.042344732123e-01       5.914960016049e-01 
       2.099665539312e-03      -5.262484003672e-01      -4.669905528168e-01      -4.676525864861e-01      -5.161144168651e-01      -4.691005975160e-01       5.998250089330e-01       5.884359225550e-01 
       2.643322303708e-03      -7.493074680397e-01      -7.352780888030e-01      -7.369368710794e-01      -7.268035773992e-01      -7.367768875918e-01       5.931602500559e-01       5.837085757144e-01 
       3.327745619701e-03      -9.989538307445e-01      -1.153502689562e+00      -1.157650962900e+00      -9.527719102471e-01      -1.151978366168e+00       5.833468909287e-01       5.765098699883e-01 
       4.189383524628e-03      -1.193901669890e+00      -1.799763178913e+00      -1.810109578305e+00      -1.111514338429e+00      -1.790079990474e+00       5.694631560683e-01       5.657976648811e-01 
       5.274121378906e-03      -1.185193401772e+00      -2.785777680514e+00      -2.811481148159e+00      -1.073819597166e+00      -2.760099480076e+00       5.509294732808e-01       5.504217846140e-01 
       6.639725428791e-03      -8.584872904047e-01      -4.263842762903e+00      -4.327318055165e+00      -7.906702615148e-01      -4.218407442896e+00       5.280129201801e-01       5.295211538988e-01 
       8.358919069642e-03      -4.433685303273e-01      -6.428423299830e+00      -6.583779408178e+00      -5.390686762069e-01      -6.387052614946e+00       5.017946278914e-01       5.031692173756e-01 
       1.052325563190e-02      -5.513567993137e-01      -9.504330464347e+00      -9.879585776148e+00      -6.770911143236e-01      -9.559598027181e+00       4.725447418908e-01       4.725051558619e-01 
       1.324799392981e-02      -8.175881061482e-01      -1.369915445917e+01      -1.458815556927e+01      -6.297717199405e-01      -1.406120918153e+01       4.381114623684e-01       4.378995620997e-01 
       1.667823621350e-02      -3.319102017294e-01      -1.907379949621e+01      -2.111949236545e+01      -4.794501275439e-01      -2.022354969190e+01       3.971896119654e-01       3.973462360597e-01 
       2.099665522924e-02      -6.208790628557e-01      -2.531992191617e+01      -2.982110787846e+01      -4.438995222891e-01      -2.831404375348e+01       3.506737084204e-01       3.506195689950e-01 
       2.643309762253e-02      -3.503725147152e-01      -3.159846833036e+01      -4.082953274722e+01      -4.484359398748e-01      -3.829581127477e+01       2.991523930984e-01       2.991552369864e-01 
       3.326002164681e-02      -4.183976135383e-01      -3.707316044777e+01      -5.397093307132e+01      -3.646177657519e-01      -4.991423366554e+01       2.462151648404e-01       2.462363661648e-01 
       4.131136503880e-02      -1.759139215882e-01      -4.301188022483e+01      -6.838307034537e+01      -2.711477852541e-01      -6.264100805395e+01       2.002575023019e-01       2.002626774022e-01 
       4.811205511203e-02      -2.853635767512e-01      -5.098744336414e+01      -8.027479380733e+01      -2.478036533109e-01      -7.360905040970e+01       1.734797258422e-01       1.734813343650e-01 
       5.304187293299e-02      -2.050784055825e-01      -5.942801603441e+01      -8.909523348121e+01      -2.047378887939e-01      -8.211992896945e+01       1.592172671140e-01       1.592172671140e-01 
       5.710516837262e-02      -1.934774111529e-01      -6.783786571745e+01      -9.655615323210e+01      -1.931544216721e-01      -8.951071241121e+01       1.497251454836e-01       1.497251454836e-01 
       6.073214339058e-02      -1.844749683527e-01      -7.595682063746e+01      -1.033167590919e+02      -1.841656469357e-01      -9.628255346118e+01       1.423884834202e-01       1.423884834202e-01 
       6.411438371846e-02      -1.767250651412e-01      -8.352536483671e+01      -1.096269708418e+02      -1.764277898717e-01      -1.026018425614e+02       1.361458203171e-01       1.361458203171e-01 
       6.735321235387e-02      -1.695669788442e-01      -9.029300363229e+01      -1.155846668393e+02      -1.692811953968e-01      -1.085114206102e+02       1.304715166129e-01       1.304715166129e-01 
       7.050934857655e-02      -1.626477949288e-01      -9.603586256183e+01      -1.212227936845e+02      -1.623734915434e-01      -1.140047789473e+02       1.250789386566e-01       1.250789386566e-01 
       7.362265950294e-02      -1.557829896814e-01      -1.005795746374e+02      -1.265462411451e+02      -1.555204057356e-01      -1.190597847045e+02       1.198105055095e-01       1.198105055095e-01 
       7.672123246677e-02      -1.488941183010e-01      -1.038204787060e+02      -1.315514472185e+02      -1.486435579117e-01      -1.236579656886e+02       1.145888877257e-01       1.145888877257e-01 
       7.982601678305e-02      -1.419762346088e-01      -1.057462722919e+02      -1.362388584148e+02      -1.417379353390e-01      -1.277978439488e+02       1.093919141919e-01       1.093919141919e-01 
       8.295340207349e-02      -1.350777038947e-01      -1.064535236970e+02      -1.406219647358e+02      -1.348517412670e-01      -1.315049844307e+02       1.042374326218e-01       1.042374326218e-01 
       8.611674556119e-02      -1.282846047343e-01      -1.061582135459e+02      -1.447338354980e+02      -1.280708263439e-01      -1.348389451966e+02       9.917208195280e-02       9.917208195280e-02 
       8.932732459090e-02      -1.217064798464e-01      -1.051962348716e+02      -1.486310938550e+02      -1.215044679570e-01      -1.378966175906e+02       9.426136212509e-02       9.426136212509e-02 
       9.259495614080e-02      -1.154621564759e-01      -1.040104389028e+02      -1.523950050141e+02      -1.152712200738e-01      -1.408111775432e+02       8.957991475176e-02       8.957991475176e-02 
       9.592841391889e-02      -1.096648051548e-01      -1.031201589563e+02      -1.561285520970e+02      -1.094840034499e-01      -1.437451128955e+02       8.520127266865e-02       8.520127266865e-02 
       9.933571732101e-02      -1.044073367257e-01      -1.030738916392e+02      -1.599494185342e+02      -1.042355331054e-01      -1.468773619636e+02       8.118779669825e-02       8.118779669825e-02 
       1.028243363784e-01      -9.974835561646e-02      -1.043834853045e+02      -1.639782748022e+02      -9.958430017248e-02      -1.503838211654e+02       7.758096077893e-02       7.758096077893e-02 
       1.064013399121e-01      -9.570122574574e-02      -1.074470842393e+02      -1.683235259810e+02      -9.554365904178e-02      -1.544132588362e+02       7.439354687244e-02       7.439354687244e-02 
       1.100735042425e-01      -9.222747889036e-02      -1.124682547963e+02      -1.730639019780e+02      -9.207524697062e-02      -1.590608841409e+02       7.160471257865e-02       7.160471257865e-02 
       1.138473938417e-01      -8.923634374850e-02      -1.193848611817e+02      -1.782309292044e+02      -8.908851065779e-02      -1.643432806603e+02       6.915896308743e-02       6.915896308743e-02 
       1.177294216180e-01      -8.659201942694e-02      -1.278257622188e+02      -1.837950759375e+02      -8.644796049518e-02      -1.701805301859e+02       6.697018663715e-02       6.697018663715e-02 
       1.217258941606e-01      -8.412802772298e-02      -1.371092925918e+02      -1.896580460244e+02      -8.398748854988e-02      -1.763896536803e+02       6.493036851728e-02       6.493036851728e-02 
       1.258430457492e-01      -8.166942743290e-02      -1.463048892987e+02      -1.956575762817e+02      -8.153253225238e-02      -1.826977940797e+02       6.292377389984e-02       6.292377389984e-02 
       1.300870639234e-01      -7.905973394238e-02      -1.543626413568e+02      -2.015871161959e+02      -7.892693450259e-02      -1.887778116162e+02       6.084459227514e-02       6.084459227514e-02 
       1.344641087430e-01      -7.618903722639e-02      -1.603071717099e+02      -2.072321203046e+02      -7.606100160630e-02      -1.943071748421e+02       5.861582424709e-02       5.861582424709e-02 
       1.389803274205e-01      -7.301718797039e-02      -1.634681750972e+02      -2.124180460332e+02      -7.289464234526e-02      -1.990419653822e+02       5.620519648203e-02       5.620519648203e-02 
       1.436418657176e-01      -6.958550254571e-02      -1.636998247947e+02      -2.170600588094e+02      -6.946905225863e-02      -2.028906160668e+02       5.363375057997e-02       5.363375057997e-02 
       1.484548772963e-01      -6.601227898737e-02      -1.615239678042e+02      -2.212023728100e+02      -6.590224513172e-02      -2.059677055044e+02       5.097395608694e-02       5.097395608694e-02 
       1.534255320955e-01      -6.247012152179e-02      -1.581330160339e+02      -2.250317490730e+02      -6.236643202245e-02      -2.086054814030e+02       4.833575066290e-02       4.833575066290e-02 
       1.585600247177e-01      -5.914929804756e-02      -1.552067051254e+02      -2.288607054359e+02      -5.905146376492e-02      -2.113125884916e+02       4.584329463150e-02       4.584329463150e-02 
       1.638645837646e-01      -5.620782383048e-02      -1.545270195526e+02      -2.330564113047e+02      -5.611502020375e-02      -2.146579054535e+02       4.360279231633e-02       4.360279231633e-02 
       1.693454830262e-01      -5.372985373687e-02      -1.574625975488e+02      -2.379411980603e+02      -5.364109716578e-02      -2.191114900511e+02       4.167304081845e-02       4.167304081845e-02 
       1.750090554098e-01      -5.169422365408e-02      -1.644554916753e+02      -2.436796015261e+02      -5.160860179658e-02      -2.248748120517e+02       4.004576898447e-02       4.004576898447e-02 
       1.808617104803e-01      -4.997820462341e-02      -1.747049462260e+02      -2.501918350689e+02      -4.989509815643e-02      -2.317622447923e+02       3.864433686501e-02       3.864433686501e-02 
       1.869099564759e-01      -4.839558466711e-02      -1.862707715408e+02      -2.571696777776e+02      -4.831479418974e-02      -2.392296207410e+02       3.734961463445e-02       3.734961463445e-02 
       1.931604276588e-01      -4.674534822758e-02      -1.965311842450e+02      -2.641001333104e+02      -4.666710940463e-02      -2.464623218837e+02       3.602881280886e-02       3.602881280886e-02 
       1.996199178614e-01      -4.487638049941e-02      -2.030649213093e+02      -2.704034207893e+02      -4.480123628810e-02      -2.526209262202e+02       3.457777896862e-02       3.457777896862e-02 
       2.062954211054e-01      -4.276310514174e-02      -2.048053905615e+02      -2.757685101650e+02      -4.269162770420e-02      -2.572899530236e+02       3.297456185623e-02       3.297456185623e-02 
       2.131941802010e-01      -4.051204392118e-02      -2.026863354270e+02      -2.803232815764e+02      -4.044454932339e-02      -2.607144841871e+02       3.128598037130e-02       3.128598037130e-02 
       2.203237442935e-01      -3.830754444932e-02      -1.994042079325e+02      -2.845700581487e+02      -3.824393609784e-02      -2.637115639173e+02       2.963069136331e-02       2.963069136331e-02 
       2.276920364212e-01      -3.632177266274e-02      -1.983014998729e+02      -2.891394512172e+02      -3.626157643206e-02      -2.673005108973e+02       2.812154688207e-02       2.812154688207e-02 
       2.353074322996e-01      -3.465039360520e-02      -2.018508623545e+02      -2.945808520201e+02      -3.459294413853e-02      -2.723034818439e+02       2.682358594415e-02       2.682358594415e-02 
       2.431788517621e-01      -3.326966810809e-02      -2.102924863423e+02      -3.011044002135e+02      -3.321437612071e-02      -2.789291480560e+02       2.572628184631e-02       2.572628184631e-02 
       2.513158645973e-01      -3.203988324658e-02      -2.211788721863e+02      -3.083257901767e+02      -3.198647944783e-02      -2.864947620381e+02       2.474066728923e-02       2.474066728923e-02 
       2.597288129417e-01      -3.078508429694e-02      -2.305716044149e+02      -3.154410713774e+02      -3.073368113329e-02      -2.937492295288e+02       2.375039558841e-02       2.375039558841e-02 
       2.684289529582e-01      -2.940083946792e-02      -2.354445116563e+02      -3.217611559473e+02      -2.935176095015e-02      -2.996726179264e+02       2.268415524882e-02       2.268415524882e-02 
       2.774286192840e-01      -2.790503891382e-02      -2.356606890277e+02      -3.270994767475e+02      -2.785854814085e-02      -3.040911107154e+02       2.154941055305e-02       2.154941055305e-02 
       2.867414167386e-01      -2.642085180671e-02      -2.342971951010e+02      -3.319727028353e+02      -2.637693050627e-02      -3.078906068921e+02       2.042441902441e-02       2.042441902441e-02 
       2.963824451055e-01      -2.508950325508e-02      -2.356306160892e+02      -3.373399688051e+02      -2.504783014339e-02      -3.125004100373e+02       1.940348230796e-02       1.940348230796e-02 
       3.063685645582e-01      -2.395431754896e-02      -2.417239077540e+02      -3.437284067296e+02      -2.391449003990e-02      -3.186629554130e+02       1.851727642350e-02       1.851727642350e-02 
       3.167187116412e-01      -2.294128664397e-02      -2.507450474870e+02      -3.508615306891e+02      -2.290307507445e-02      -3.258763720215e+02       1.771900177154e-02       1.771900177154e-02 
       3.274542788560e-01      -2.193229433135e-02      -2.585296637821e+02      -3.579374412431e+02      -2.189572768891e-02      -3.328573718279e+02       1.693131039265e-02       1.693131039265e-02 
       3.385995751601e-01      -2.086064813621e-02      -2.622410506584e+02      -3.642370123239e+02      -2.082588794296e-02      -3.385897521557e+02       1.610774167563e-02       1.610774167563e-02 
       3.501823905321e-01      -1.977119190462e-02      -2.632558376384e+02      -3.699668635763e+02      -1.973829058196e-02      -3.434496957454e+02       1.527594688020e-02       1.527594688020e-02 
       3.622346958773e-01      -1.875317791290e-02      -2.655888989677e+02      -3.759109829471e+02      -1.872199024791e-02      -3.486833570596e+02       1.449388051976e-02       1.449388051976e-02 
       3.747935210137e-01      -1.784727757862e-02      -2.715788809642e+02      -3.826867933137e+02      -1.781757797979e-02      -3.551486948844e+02       1.378985039562e-02       1.378985039562e-02 
       3.879020698993e-01      -1.700101018384e-02      -2.791097356892e+02      -3.899257154043e+02      -1.697269315464e-02      -3.622255844704e+02       1.313010929778e-02       1.313010929778e-02 
       4.016111562124e-01      -1.614751200125e-02      -2.845503281700e+02      -3.968995456806e+02      -1.612061540181e-02      -3.687712453262e+02       1.247035656091e-02       1.247035656091e-02 
       4.159810779533e-01      -1.528514421495e-02      -2.875914074269e+02      -4.034634896406e+02      -1.525970105661e-02      -3.746203398220e+02       1.180803178450e-02       1.180803178450e-02 
       4.310841036250e-01      -1.446399680636e-02      -2.914358598604e+02      -4.102324968879e+02      -1.443992730987e-02      -3.807583821198e+02       1.117528791459e-02       1.117528791459e-02 
       4.470078260332e-01      -1.370067151463e-02      -2.976570411638e+02      -4.175725428905e+02      -1.367786288836e-02      -3.877219833715e+02       1.058335557035e-02       1.058335557035e-02 
       4.638597722788e-01      -1.296254571410e-02      -3.040133917959e+02      -4.252195662559e+02      -1.294096000029e-02      -3.949580747058e+02       1.001176726157e-02       1.001176726157e-02 
       4.817738746916e-01      -1.222324901156e-02      -3.086542212311e+02      -4.327077998335e+02      -1.220290020086e-02      -4.018064683477e+02       9.441990549897e-03       9.441990549897e-03 
       5.009197708718e-01      -1.150446853935e-02      -3.136317135448e+02      -4.403817722445e+02      -1.148531896051e-02      -4.088579514679e+02       8.887286722528e-03       8.887286722528e-03 
       5.215165330264e-01      -1.081792963304e-02      -3.202184484502e+02      -4.486965611599e+02      -1.079991857442e-02      -4.166772446586e+02       8.355966151700e-03       8.355966151700e-03 
       5.438535687785e-01      -1.013690122759e-02      -3.262883478097e+02      -4.572467698214e+02      -1.012002472933e-02      -4.246124696195e+02       7.830000547602e-03       7.830000547602e-03 
       5.683235904662e-01      -9.462509894159e-03      -3.323407791203e+02      -4.661693484361e+02      -9.446757575172e-03      -4.328510256224e+02       7.309371963224e-03       7.309371963224e-03 
       5.954768212316e-01      -8.799305766846e-03      -3.395421271323e+02      -4.758335045971e+02      -8.784656045884e-03      -4.418711564308e+02       6.796712118337e-03       6.796712118337e-03 
       6.261145601726e-01      -8.131525946073e-03      -3.467575459879e+02      -4.861707156850e+02      -8.117988771200e-03      -4.514463986034e+02       6.281039110541e-03       6.281039110541e-03 
       6.614602207704e-01      -7.457600439344e-03      -3.550281682418e+02      -4.976116340306e+02      -7.445184742030e-03      -4.620866997757e+02       5.760350158766e-03       5.760350158766e-03 
       7.034937737277e-01      -6.763366950080e-03      -3.641534644997e+02      -5.104760997351e+02      -6.752107264988e-03      -4.740247814622e+02       5.224122792857e-03       5.224122792857e-03 
       7.556578852578e-01      -6.035002321518e-03      -3.749426435463e+02      -5.255445450534e+02      -6.024955133347e-03      -4.880232049216e+02       4.661469513005e-03       4.661469513005e-03 
       8.244691466295e-01      -5.248038849814e-03      -3.881463289895e+02      -5.440280431594e+02      -5.239301789358e-03      -5.051895738460e+02       4.053576194768e-03       4.053576194768e-03 
       9.233255611492e-01      -4.370748141879e-03      -4.054436607713e+02      -5.682424091848e+02      -4.363471596618e-03      -5.276784051285e+02       3.375921545014e-03       3.375921545014e-03 
       1.079590130458e+00      -3.387211363071e-03      -4.295779395708e+02      -6.020319804302e+02      -3.381572227092e-03      -5.590596587661e+02       2.616212679885e-03       2.616212679885e-03 
       1.328436882408e+00      -2.405758290791e-03      -4.619923507327e+02      -6.474162334057e+02      -2.401753101846e-03      -6.012089952640e+02       1.858130819771e-03       1.858130819771e-03 
       1.669582450610e+00      -1.642257009123e-03      -4.981660811591e+02      -6.980681015634e+02      -1.639522923542e-03      -6.482500506619e+02       1.268409417877e-03       1.268409417877e-03 
       2.101825866559e+00      -1.112872533995e-03      -5.350192702957e+02      -7.496742012094e+02      -1.111019788739e-03      -6.961770177223e+02       8.595256506772e-04       8.595256506772e-04 
       2.646041792467e+00      -7.509894921677e-04      -5.722265557033e+02      -8.017796007792e+02      -7.497392264210e-04      -7.445673234458e+02       5.800202928443e-04       5.800202928443e-04 
       3.331169253100e+00      -5.048871556516e-04      -6.097281280596e+02      -8.543006454318e+02      -5.040466133583e-04      -7.933432650723e+02       3.899422995423e-04       3.899422995423e-04 
       4.193693623715e+00      -3.382812926546e-04      -6.474773996949e+02      -9.071745762635e+02      -3.377181250040e-04      -8.424462914961e+02       2.612651166917e-04       2.612651166917e-04 
       5.279547472173e+00      -2.259532387507e-04      -6.854359798936e+02      -9.603494091199e+02      -2.255770815786e-04      -8.918279338572e+02       1.745099819826e-04       1.745099819826e-04 
       6.646556475493e+00      -1.504975685604e-04      -7.235608915383e+02      -1.013770599276e+03      -1.502470350344e-04      -9.414369319767e+02       1.162332636048e-04       1.162332636048e-04 
       8.367518847923e+00      -9.998037203628e-05      -7.618179305354e+02      -1.067398992729e+03      -9.981394339942e-05      -9.912359867584e+02       7.721759305947e-05       7.721759305947e-05 
       1.053408211132e+01      -6.626250488723e-05      -8.001762267712e+02      -1.121205207219e+03      -6.615221277578e-05      -1.041196327876e+03       5.117664675146e-05       5.117664675146e-05 
       1.326162365986e+01      -4.381952764140e-05      -8.385949360855e+02      -1.175155350688e+03      -4.374660103984e-05      -1.091283984156e+03       3.384363315286e-05       3.384363315286e-05 
       1.669539502705e+01      -2.891927005355e-05      -8.770329978209e+02      -1.229229994488e+03      -2.887115144347e-05      -1.141476835577e+03       2.233604617377e-05       2.233604617377e-05 
       2.101825705950e+01      -1.904952851244e-05      -9.154215404552e+02      -1.283395829452e+03      -1.901784282112e-05      -1.191737187464e+03       1.471362508833e-05       1.471362508833e-05 
       2.646041792382e+01      -1.252605676128e-05      -9.536811809669e+02      -1.337644562811e+03      -1.250523293301e-05      -1.242046323252e+03       9.675579487547e-06       9.675579487547e-06 
       3.331169253100e+01      -8.222772011078e-06      -9.916762051136e+02      -1.391954815603e+03      -8.209113749645e-06      -1.292366327912e+03       6.352209624261e-06       6.352209624261e-06 
       4.193693623715e+01      -5.389195964706e-06      -1.029194299888e+03      -1.446304291871e+03      -5.380256405080e-06      -1.342647047548e+03       4.163907199326e-06       4.163907199326e-06 
       5.279547472173e+01      -3.526505218763e-06      -1.065899147570e+03      -1.500670293519e+03      -3.520667956595e-06      -1.392819404212e+03       2.725423389782e-06       2.725423389782e-06 
