          99      78.9247
 6.28319e-06            0               0            0
 6.44026e-06            0               0            0
 6.60127e-06            0               0            0
  6.7663e-06            0               0            0
 6.93546e-06            0               0            0
 7.10885e-06            0               0            0
 7.28657e-06            0               0            0
 7.46873e-06            0               0            0
 7.65545e-06            0               0            0
 7.84684e-06            0               0            0
 8.04301e-06            0               0            0
 8.24408e-06            0               0            0
 8.45019e-06            0               0            0
 8.66144e-06            0               0            0
 8.87798e-06            0               0            0
 9.09993e-06            0               0            0
 9.32742e-06            0               0            0
 9.56061e-06            0               0            0
 9.79962e-06            0               0            0
 1.00446e-05            0               0            0
 1.02957e-05            0               0            0
 1.05531e-05            0               0            0
  1.0817e-05            0               0            0
 1.10874e-05            0               0            0
 1.13646e-05            0               0            0
 1.16487e-05            0               0            0
 1.19399e-05            0               0            0
 1.22384e-05            0               0            0
 1.25443e-05            0               0            0
  1.2858e-05            0               0            0
 1.31794e-05            0               0            0
 1.35089e-05            0               0            0
 1.38466e-05            0               0            0
 1.41928e-05            0               0            0
 1.45476e-05            0               0            0
 1.49113e-05            0               0            0
 1.52841e-05            0               0            0
 1.56662e-05            0               0            0
 1.60578e-05            0               0            0
 1.64593e-05            0               0            0
 1.68708e-05            0               0            0
 1.72925e-05            0               0            0
 1.77248e-05            0               0            0
  1.8168e-05            0               0            0
 1.86222e-05            0               0            0
 1.90877e-05            0               0            0
 1.95649e-05            0               0            0
  2.0054e-05            0               0            0
 2.05554e-05            0               0            0
 2.10693e-05            0               0            0
  2.1596e-05            0               0            0
 2.21359e-05            0               0            0
 2.26893e-05            0               0            0
 2.32565e-05            0               0            0
 2.38379e-05            0               0            0
 2.44339e-05            0               0            0
 2.50447e-05            0               0            0
 2.56708e-05            0               0            0
 2.63126e-05            0               0            0
 2.69704e-05            0               0            0
 2.76447e-05            0               0            0
 2.83358e-05            0               0            0
 2.90442e-05            0               0            0
 2.97703e-05            0               0            0
 3.05146e-05            0               0            0
 3.12774e-05            0               0            0
 3.20594e-05            0               0            0
 3.28609e-05            0               0            0
 3.36824e-05            0               0            0
 3.45244e-05            0               0            0
 3.53875e-05            0               0            0
 3.62722e-05            0               0            0
  3.7179e-05            0               0            0
 3.81085e-05            0               0            0
 3.90612e-05            0               0            0
 4.00378e-05            0               0            0
 4.10387e-05            0               0            0
 4.20647e-05            0               0            0
 4.31163e-05            0               0            0
 4.41942e-05            0               0            0
 4.52991e-05            0               0            0
 4.64315e-05            0               0            0
 4.75923e-05            0               0            0
 4.87821e-05            0               0            0
 5.00017e-05            0               0            0
 5.12517e-05            0               0            0
  5.2533e-05            0               0            0
 5.38463e-05            0               0            0
 5.51925e-05            0               0            0
 5.65723e-05            0               0            0
 5.79866e-05            0               0            0
 5.94363e-05            0               0            0
 6.09222e-05            0               0            0
 6.24452e-05            0               0            0
 6.40064e-05            0               0            0
 6.56065e-05            0               0            0
 6.72467e-05            0               0            0
 6.89279e-05            0               0            0
 7.06511e-05            0               0            0
 7.24173e-05            0               0            0
 7.42278e-05            0               0            0
 7.60835e-05            0               0            0
 7.79855e-05            0               0            0
 7.99352e-05            0               0            0
 8.19336e-05            0               0            0
 8.39819e-05            0               0            0
 8.60815e-05            0               0            0
 8.82335e-05            0               0            0
 9.04393e-05            0               0            0
 9.27003e-05            0               0            0
 9.50178e-05            0               0            0
 9.73933e-05            0               0            0
 9.98281e-05            0               0            0
 0.000102324            0               0            0
 0.000104882            0               0            0
 0.000107504            0               0            0
 0.000110192            0               0            0
 0.000112946            0               0            0
  0.00011577            0               0            0
 0.000118664            0               0            0
 0.000121631            0               0            0
 0.000124672            0               0            0
 0.000127788            0               0            0
 0.000130983            0               0            0
 0.000134258            0               0            0
 0.000137614            0               0            0
 0.000141054            0               0            0
 0.000144581            0               0            0
 0.000148195            0               0            0
   0.0001519            0               0            0
 0.000155698            0               0            0
  0.00015959            0               0            0
  0.00016358            0               0            0
 0.000167669            0               0            0
 0.000171861            0               0            0
 0.000176158            0               0            0
 0.000180562            0               0            0
 0.000185076            0               0            0
 0.000189703            0               0            0
 0.000194445            0               0            0
 0.000199306            0               0            0
 0.000204289            0               0            0
 0.000209396            0               0            0
 0.000214631            0               0            0
 0.000219997            0               0            0
 0.000225497            0               0            0
 0.000231134            0               0            0
 0.000236913            0               0            0
 0.000242835            0               0            0
 0.000248906            0               0            0
 0.000255129            0               0            0
 0.000261507            0               0            0
 0.000268045            0               0            0
 0.000274746            0               0            0
 0.000281615            0               0            0
 0.000288655            0               0            0
 0.000295871            0               0            0
 0.000303268            0               0            0
  0.00031085            0               0            0
 0.000318621            0               0            0
 0.000326587            0               0            0
 0.000334751            0               0            0
  0.00034312            0               0            0
 0.000351698            0               0            0
  0.00036049            0               0            0
 0.000369503            0               0            0
  0.00037874            0               0            0
 0.000388209            0               0            0
 0.000397914            0               0            0
 0.000407862            0               0            0
 0.000418058            0               0            0
  0.00042851            0               0            0
 0.000439223            0               0            0
 0.000450203            0               0            0
 0.000461458            0               0            0
 0.000472995            0               0            0
  0.00048482            0               0            0
  0.00049694            0               0            0
 0.000509364            0               0            0
 0.000522098            0               0            0
  0.00053515            0               0            0
 0.000548529            0               0            0
 0.000562242            0               0            0
 0.000576298            0               0            0
 0.000590706            0               0            0
 0.000605473            0               0            0
  0.00062061            0               0            0
 0.000636125            0               0            0
 0.000652028            0               0            0
 0.000668329            0               0            0
 0.000685037            0               0            0
 0.000702163            0               0            0
 0.000719717            0               0            0
  0.00073771            0               0            0
 0.000756153            0               0            0
 0.000775057            0               0            0
 0.000794433            0               0            0
 0.000814294            0               0            0
 0.000834652            0               0            0
 0.000855518            0               0            0
 0.000876906            0               0            0
 0.000898828            0               0            0
 0.000921299            0               0            0
 0.000944332            0               0            0
  0.00096794            0               0            0
 0.000992138            0               0            0
  0.00101694            0               0            0
  0.00104237            0               0            0
  0.00106842            0               0            0
  0.00109514            0               0            0
  0.00112251            0               0            0
  0.00115058            0               0            0
  0.00117934            0               0            0
  0.00120882            0               0            0
  0.00123904            0               0            0
  0.00127002            0               0            0
  0.00130177            0               0            0
  0.00133432            0               0            0
  0.00136767            0               0            0
  0.00140187            0               0            0
  0.00143691            0               0            0
  0.00147284            0               0            0
  0.00150966            0               0            0
   0.0015474            0               0            0
  0.00158608            0               0            0
  0.00162573            0               0            0
  0.00166638            0               0            0
  0.00170804            0               0            0
  0.00175074            0               0            0
  0.00179451            0               0            0
  0.00183937            0               0            0
  0.00188535            0               0            0
  0.00193249            0               0            0
   0.0019808            0               0            0
  0.00203032            0               0            0
  0.00208108            0               0            0
   0.0021331            0               0            0
  0.00218643            0               0            0
  0.00224109            0               0            0
  0.00229712            0               0            0
  0.00235455            0               0            0
  0.00241341            0               0            0
  0.00247375            0               0            0
  0.00253559            0               0            0
  0.00259898            0               0            0
  0.00266396            0               0            0
  0.00273055            0               0            0
  0.00279882            0               0            0
  0.00286879            0               0            0
  0.00294051            0               0            0
  0.00301402            0               0            0
  0.00308937            0               0            0
  0.00316661            0               0            0
  0.00324577            0               0            0
  0.00332691            0               0            0
  0.00341009            0               0            0
  0.00349534            0               0            0
  0.00358272            0               0            0
  0.00367229            0               0            0
   0.0037641            0               0            0
   0.0038582            0               0            0
  0.00395466            0               0            0
  0.00405352            0               0            0
  0.00415486            0               0            0
  0.00425873            0               0            0
   0.0043652            0               0            0
  0.00447433            0               0            0
  0.00458619            0               0            0
  0.00470084            0               0            0
  0.00481836            0               0            0
  0.00493882            0               0            0
  0.00506229            0               0            0
  0.00518885            0               0            0
  0.00531857            0               0            0
  0.00545154            0               0            0
  0.00558783            0               0            0
  0.00572752            0               0            0
  0.00587071            0               0            0
  0.00601748            0               0            0
  0.00616791            0               0            0
  0.00632211            0               0            0
  0.00648016            0               0            0
  0.00664217            0               0            0
  0.00680822            0               0            0
  0.00697843            0               0            0
  0.00715289            0               0            0
  0.00733171            0               0            0
    0.007515            0               0            0
  0.00770288            0               0            0
  0.00789545            0               0            0
  0.00809284            0               0            0
  0.00829516            0               0            0
  0.00850254            0               0            0
   0.0087151            0               0            0
  0.00893298            0               0            0
   0.0091563            0               0            0
  0.00938521            0               0            0
  0.00961984            0               0            0
  0.00986034            0               0            0
   0.0101068            0               0            0
   0.0103595            0               0            0
   0.0106185            0               0            0
    0.010884            0               0            0
   0.0111561            0               0            0
    0.011435            0               0            0
   0.0117208            0               0            0
   0.0120139            0               0            0
   0.0123142            0               0            0
   0.0126221            0               0            0
   0.0129376            0               0            0
   0.0132611            0               0            0
   0.0135926            0               0            0
   0.0139324            0               0            0
   0.0142807            0               0            0
   0.0146377            0               0            0
   0.0150037            0               0            0
   0.0153788            0               0            0
   0.0157632            0               0            0
   0.0161573            0               0            0
   0.0165612            0               0            0
   0.0169753            0               0            0
   0.0173997            0               0            0
   0.0178346            0               0            0
   0.0182805            0               0            0
   0.0187375            0               0            0
    0.019206            0               0            0
   0.0196861            0               0            0
   0.0201783            0               0            0
   0.0206827            0               0            0
   0.0211998            0               0            0
   0.0217298            0               0            0
    0.022273            0               0            0
   0.0228299            0               0            0
   0.0234006            0               0            0
   0.0239856            0               0            0
   0.0245853            0               0            0
   0.0251999            0               0            0
   0.0258299            0               0            0
   0.0264756            0               0            0
   0.0271375            0               0            0
    0.027816            0               0            0
   0.0285114            0               0            0
   0.0292241            0               0            0
   0.0299547            0               0            0
   0.0307036            0               0            0
   0.0314712            0               0            0
    0.032258            0               0            0
   0.0330644            0               0            0
   0.0338911            0               0            0
   0.0347383            0               0            0
   0.0356068            0               0            0
    0.036497            0               0            0
   0.0374094            0               0            0
   0.0383446            0               0            0
   0.0393032            0               0            0
   0.0402858            0               0            0
    0.041293            0               0            0
   0.0423253            0               0            0
   0.0433834            0               0            0
    0.044468            0               0            0
   0.0455797            0               0            0
   0.0467192            0               0            0
   0.0478872            0               0            0
   0.0490843            0               0            0
   0.0503115            0               0            0
   0.0515692            0               0            0
   0.0528585            0               0            0
   0.0541799            0               0            0
   0.0555344            0               0            0
   0.0569228            0               0            0
   0.0583459            0               0            0
   0.0598045            0               0            0
   0.0612996            0               0            0
   0.0628321            0               0            0
   0.0644029            0               0            0
    0.066013            0               0            0
   0.0676633            0               0            0
   0.0693549            0               0            0
   0.0710888            0               0            0
    0.072866            0               0            0
   0.0746876            0               0            0
   0.0765548            0               0            0
   0.0784687            0               0            0
   0.0804304            0               0            0
   0.0824412            0               0            0
   0.0845022            0               0            0
   0.0866148            0               0            0
   0.0887801            0               0            0
   0.0909996            0               0            0
   0.0932746            0               0            0
   0.0956065            0               0            0
   0.0979967            0               0            0
    0.100447            0               0            0
    0.102958            0               0            0
    0.105532            0               0            0
     0.10817            0               0            0
    0.110874            0               0            0
    0.113646            0               0            0
    0.116487            0               0            0
    0.119399            0               0            0
    0.122384            0               0            0
    0.125444            0               0            0
     0.12858            0               0            0
    0.131795            0               0            0
    0.135089            0               0            0
    0.138467            0               0            0
    0.141928            0               0            0
    0.145477            0               0            0
    0.149113            0               0            0
    0.152841            0               0            0
    0.156662            0               0            0
    0.160579            0               0            0
    0.164593            0               0            0
    0.168708            0               0            0
    0.172926            0               0            0
    0.177249            0               0            0
     0.18168            0               0            0
    0.186222            0               0            0
    0.190878            0               0            0
     0.19565            0               0            0
    0.200541            0               0            0
    0.205555            0               0            0
    0.210693            0               0            0
    0.215961            0               0            0
     0.22136            0               0            0
    0.226894            0               0            0
    0.232566            0               0            0
     0.23838            0               0            0
     0.24434            0               0            0
    0.250448            0               0            0
     0.25671            0               0            0
    0.263127            0               0            0
    0.269705            0               0            0
    0.276448            0               0            0
    0.283359            0               0            0
    0.290443            0               0            0
    0.297704            0               0            0
    0.305147            0               0            0
    0.312776            0               0            0
    0.320595            0               0            0
     0.32861            0               0            0
    0.336825            0               0            0
    0.345246            0               0            0
    0.353877            0               0            0
    0.362724            0               0            0
    0.371792            0               0            0
    0.381087            0               0            0
    0.390614            0               0            0
    0.400379            0               0            0
    0.410389            0               0            0
    0.420648            0               0            0
    0.431165            0               0            0
    0.441944            0               0            0
    0.452992            0               0            0
    0.464317            0               0            0
    0.475925            0               0            0
    0.487823            0               0            0
    0.500019            0               0            0
    0.512519            0               0            0
    0.525332            0               0            0
    0.538466            0               0            0
    0.551927            0               0            0
    0.565725            0               0            0
    0.579869            0               0            0
    0.594365            0               0            0
    0.609224            0               0            0
    0.624455            0               0            0
    0.640066            0               0            0
    0.656068            0               0            0
     0.67247            0               0            0
    0.689281            0               0            0
    0.706514            0               0            0
    0.724176            0               0            0
    0.742281            0               0            0
    0.760838            0               0            0
    0.779859            0               0            0
    0.799355            0               0            0
    0.819339            0               0            0
    0.839823            0               0            0
    0.860818            0               0            0
    0.882339            0               0            0
    0.904397            0               0            0
    0.927007            0               0            0
    0.950182            0               0            0
    0.973937            0               0            0
    0.998285            0               0            0
     1.02324            0               0            0
     1.04882            0               0            0
     1.07504            0               0            0
     1.10192            0               0            0
     1.12947            0               0            0
      1.1577            0               0            0
     1.18665            0               0            0
     1.21631            0               0            0
     1.24672            0               0            0
     1.27789            0               0            0
     1.30984            0               0            0
     1.34258            0               0            0
     1.37615            0               0            0
     1.41055            0               0            0
     1.44581            0               0            0
     1.48196            0               0            0
     1.51901            0               0            0
     1.55698            0               0            0
     1.59591            0               0            0
     1.63581            0               0            0
      1.6767            0               0            0
     1.71862            0               0            0
     1.76158            0               0            0
     1.80562            0               0            0
     1.85076            0               0            0
     1.89703            0               0            0
     1.94446            0               0            0
     1.99307            0               0            0
      2.0429            0               0            0
     2.09397            0               0            0
     2.14632            0               0            0
     2.19998            0               0            0
     2.25498            0               0            0
     2.31135            0               0            0
     2.36914            0               0            0
     2.42836            0               0            0
     2.48907            0               0            0
      2.5513            0               0            0
     2.61508            0               0            0
     2.68046            0               0            0
     2.74747            0               0            0
     2.81616            0               0            0
     2.88656            0               0            0
     2.95873            0               0            0
     3.03269            0               0            0
     3.10851            0               0            0
     3.18622            0               0            0
     3.26588            0               0            0
     3.34753            0               0            0
     3.43121            0               0            0
     3.51699            0               0            0
     3.60492            0               0            0
     3.69504            0               0            0
     3.78742            0               0            0
      3.8821            0               0            0
     3.97916            0               0            0
     4.07864            0               0            0
      4.1806            0               0            0
     4.28512            0               0            0
     4.39224            0               0            0
     4.50205            0               0            0
      4.6146            0               0            0
     4.72997            0               0            0
     4.84822            0               0            0
     4.96942            0               0            0
     5.09366            0               0            0
       5.221            0               0            0
     5.35152            0               0            0
     5.48531            0               0            0
     5.62244            0               0            0
     5.76301            0               0            0
     5.90708            0               0            0
     6.05476            0               0            0
     6.20613            0               0            0
